{
 "cells": [
  {
   "cell_type": "markdown",
   "id": "5fb6542f",
   "metadata": {},
   "source": [
    "# Load packages"
   ]
  },
  {
   "cell_type": "code",
   "execution_count": 3,
   "id": "93e2fc71",
   "metadata": {},
   "outputs": [],
   "source": [
    "import os\n",
    "import numpy as np\n",
    "import pandas as pd\n",
    "\n",
    "import warnings\n",
    "warnings.filterwarnings('ignore')"
   ]
  },
  {
   "cell_type": "code",
   "execution_count": 2,
   "id": "b0dc1798",
   "metadata": {},
   "outputs": [],
   "source": [
    "from scripts.evalModel import evalFullModel, getPredDist"
   ]
  },
  {
   "cell_type": "markdown",
   "id": "aadf26bc",
   "metadata": {},
   "source": [
    "# Define"
   ]
  },
  {
   "cell_type": "code",
   "execution_count": 4,
   "id": "8b1f45c6",
   "metadata": {},
   "outputs": [],
   "source": [
    "modelPath = '/fs/scratch/PCON0041/PatrickLawrence/cancer-drug-response/fewShot/cdr/rawDrug_embedRNA_fused/'\n",
    "datasets = ['test', 'newcancer']"
   ]
  },
  {
   "cell_type": "markdown",
   "id": "3178403d",
   "metadata": {},
   "source": [
    "# FS-CDR Performance"
   ]
  },
  {
   "cell_type": "code",
   "execution_count": 7,
   "id": "9a63564a",
   "metadata": {},
   "outputs": [],
   "source": [
    "modelEval = evalFullModel(modelPath, modelType='fsCDR')"
   ]
  },
  {
   "cell_type": "code",
   "execution_count": 5,
   "id": "6cfedc15",
   "metadata": {
    "scrolled": false
   },
   "outputs": [
    {
     "name": "stdout",
     "output_type": "stream",
     "text": [
      "Model: Fused-FewShotCDRRawDrugEmbedCell_NL64_16_DO0-1_AFrelu_LR0-01_DR0-99_DS500_preds.csv\n",
      "\tPrecision@1: 0.9804\n",
      "\tPrecision@2: 0.9314\n",
      "\tPrecision@3: 0.8824\n",
      "\tPrecision@4: 0.8578\n",
      "\tPrecision@5: 0.8392\n",
      "\tPrecision@10: 0.8333\n",
      "\n",
      "Model: Fused-FewShotCDRRawDrugEmbedCell_NL32_32_DO0-3_AFrelu_LR0-01_DR0-99_DS500_preds.csv\n",
      "\tPrecision@1: 0.9804\n",
      "\tPrecision@2: 0.8922\n",
      "\tPrecision@3: 0.8758\n",
      "\tPrecision@4: 0.848\n",
      "\tPrecision@5: 0.8392\n",
      "\tPrecision@10: 0.841\n",
      "\n",
      "Model: Fused-FewShotCDRRawDrugEmbedCell_NL64_32_DO0-1_AFrelu_LR0-01_DR0-99_DS50_preds.csv\n",
      "\tPrecision@1: 0.9804\n",
      "\tPrecision@2: 0.902\n",
      "\tPrecision@3: 0.902\n",
      "\tPrecision@4: 0.8775\n",
      "\tPrecision@5: 0.8431\n",
      "\tPrecision@10: 0.8359\n",
      "\n",
      "Best model with repsect to precision@1:\n",
      "Fused-FewShotCDRRawDrugEmbedCell_NL64_16_DO0-1_AFrelu_LR0-01_DR0-99_DS500 (0.9804)\n"
     ]
    }
   ],
   "source": [
    "bestModel1 = modelEval.iterateModels(datasets[0], at=1, thresh=0.98)"
   ]
  },
  {
   "cell_type": "code",
   "execution_count": 7,
   "id": "97098964",
   "metadata": {
    "scrolled": false
   },
   "outputs": [
    {
     "name": "stdout",
     "output_type": "stream",
     "text": [
      "Model: Fused-FewShotCDRRawDrugEmbedCell_NL64_32_8_DO0-3_AFrelu_LR0-001_DR0-99_DS50_preds.csv\n",
      "\tPrecision@1: 0.8824\n",
      "\tPrecision@2: 0.8725\n",
      "\tPrecision@3: 0.902\n",
      "\tPrecision@4: 0.8627\n",
      "\tPrecision@5: 0.851\n",
      "\tPrecision@10: 0.8308\n",
      "\n",
      "Model: Fused-FewShotCDRRawDrugEmbedCell_NL64_16_DO0-3_AFrelu_LR0-01_DR0-99_DS50_preds.csv\n",
      "\tPrecision@1: 0.9412\n",
      "\tPrecision@2: 0.9118\n",
      "\tPrecision@3: 0.9085\n",
      "\tPrecision@4: 0.8775\n",
      "\tPrecision@5: 0.851\n",
      "\tPrecision@10: 0.8231\n",
      "\n",
      "Model: Fused-FewShotCDRRawDrugEmbedCell_NL64_32_16_DO0-1_AFsigmoid_LR0-01_DR0-99_DS50_preds.csv\n",
      "\tPrecision@1: 0.9412\n",
      "\tPrecision@2: 0.9118\n",
      "\tPrecision@3: 0.8824\n",
      "\tPrecision@4: 0.8725\n",
      "\tPrecision@5: 0.8549\n",
      "\tPrecision@10: 0.8282\n",
      "\n",
      "Model: Fused-FewShotCDRRawDrugEmbedCell_NL64_32_16_DO0-3_AFsigmoid_LR0-01_DR0-99_DS500_preds.csv\n",
      "\tPrecision@1: 0.9412\n",
      "\tPrecision@2: 0.9118\n",
      "\tPrecision@3: 0.8824\n",
      "\tPrecision@4: 0.8529\n",
      "\tPrecision@5: 0.8549\n",
      "\tPrecision@10: 0.8282\n",
      "\n",
      "Model: Fused-FewShotCDRRawDrugEmbedCell_NL64_64_64_DO0-1_AFrelu_LR0-01_DR0-99_DS50_preds.csv\n",
      "\tPrecision@1: 0.9608\n",
      "\tPrecision@2: 0.9118\n",
      "\tPrecision@3: 0.8954\n",
      "\tPrecision@4: 0.8725\n",
      "\tPrecision@5: 0.8549\n",
      "\tPrecision@10: 0.8436\n",
      "\n",
      "Model: Fused-FewShotCDRRawDrugEmbedCell_NL64_32_8_DO0-1_AFrelu_LR0-01_DR0-99_DS50_preds.csv\n",
      "\tPrecision@1: 0.902\n",
      "\tPrecision@2: 0.8922\n",
      "\tPrecision@3: 0.8889\n",
      "\tPrecision@4: 0.8824\n",
      "\tPrecision@5: 0.8549\n",
      "\tPrecision@10: 0.8359\n",
      "\n",
      "Model: Fused-FewShotCDRRawDrugEmbedCell_NL64_16_DO0-1_AFsigmoid_LR0-01_DR0-99_DS50_preds.csv\n",
      "\tPrecision@1: 0.9412\n",
      "\tPrecision@2: 0.9118\n",
      "\tPrecision@3: 0.8889\n",
      "\tPrecision@4: 0.8775\n",
      "\tPrecision@5: 0.8549\n",
      "\tPrecision@10: 0.8359\n",
      "\n",
      "Model: Fused-FewShotCDRRawDrugEmbedCell_NL64_32_8_DO0-1_AFrelu_LR0-001_DR0-99_DS500_preds.csv\n",
      "\tPrecision@1: 0.8824\n",
      "\tPrecision@2: 0.902\n",
      "\tPrecision@3: 0.902\n",
      "\tPrecision@4: 0.8725\n",
      "\tPrecision@5: 0.8549\n",
      "\tPrecision@10: 0.8359\n",
      "\n",
      "Model: Fused-FewShotCDRRawDrugEmbedCell_NL64_32_8_DO0-1_AFrelu_LR0-01_DR0-99_DS500_preds.csv\n",
      "\tPrecision@1: 0.9412\n",
      "\tPrecision@2: 0.902\n",
      "\tPrecision@3: 0.902\n",
      "\tPrecision@4: 0.8676\n",
      "\tPrecision@5: 0.8549\n",
      "\tPrecision@10: 0.8308\n",
      "\n",
      "Model: Fused-FewShotCDRRawDrugEmbedCell_NL64_32_16_DO0-3_AFrelu_LR0-001_DR0-99_DS50_preds.csv\n",
      "\tPrecision@1: 0.902\n",
      "\tPrecision@2: 0.9118\n",
      "\tPrecision@3: 0.9085\n",
      "\tPrecision@4: 0.8775\n",
      "\tPrecision@5: 0.8588\n",
      "\tPrecision@10: 0.8256\n",
      "\n",
      "Best model with repsect to precision@5:\n",
      "Fused-FewShotCDRRawDrugEmbedCell_NL64_32_16_DO0-3_AFrelu_LR0-001_DR0-99_DS50 (0.8588)\n"
     ]
    }
   ],
   "source": [
    "bestModel5 = modelEval.iterateModels(datasets[0], at=5, thresh=0.85)"
   ]
  },
  {
   "cell_type": "code",
   "execution_count": 8,
   "id": "08e92af4",
   "metadata": {},
   "outputs": [
    {
     "name": "stdout",
     "output_type": "stream",
     "text": [
      "Best model same @ k=1 and k=5: False\n"
     ]
    }
   ],
   "source": [
    "print(f\"Best model same @ k=1 and k=5: {bestModel1==bestModel5}\")"
   ]
  },
  {
   "cell_type": "code",
   "execution_count": 5,
   "id": "e7f4c8d7",
   "metadata": {},
   "outputs": [],
   "source": [
    "bestModel = 'Fused-FewShotCDRRawDrugEmbedCell_NL64_32_DO0-1_AFrelu_LR0-01_DR0-99_DS50'\n",
    "# bestModel = 'Fused-FewShotCDRRawDrugEmbedCell_NL64_64_64_DO0-1_AFrelu_LR0-01_DR0-99_DS50'"
   ]
  },
  {
   "cell_type": "markdown",
   "id": "e7c145d7",
   "metadata": {},
   "source": [
    "## Eval best on test set"
   ]
  },
  {
   "cell_type": "code",
   "execution_count": 8,
   "id": "daccb56b",
   "metadata": {},
   "outputs": [
    {
     "name": "stdout",
     "output_type": "stream",
     "text": [
      "Average Cell Line precision @ k\n",
      "Model: Fused-FewShotCDRRawDrugEmbedCell_NL64_32_DO0-1_AFrelu_LR0-01_DR0-99_DS50\n",
      "\tPrecision@1: 0.9804\n",
      "\tPrecision@2: 0.902\n",
      "\tPrecision@3: 0.902\n",
      "\tPrecision@4: 0.8775\n",
      "\tPrecision@5: 0.8431\n",
      "\tPrecision@10: 0.8359\n",
      "\n",
      "Top ranked drug for each cell line:\n",
      "\n",
      "# cell lines without highly effective drug among top-3 predictions: 0\n",
      "\n",
      "# of unique drugs among top-3 predictions: 14\n"
     ]
    },
    {
     "data": {
      "text/html": [
       "<div>\n",
       "<style scoped>\n",
       "    .dataframe tbody tr th:only-of-type {\n",
       "        vertical-align: middle;\n",
       "    }\n",
       "\n",
       "    .dataframe tbody tr th {\n",
       "        vertical-align: top;\n",
       "    }\n",
       "\n",
       "    .dataframe thead th {\n",
       "        text-align: right;\n",
       "    }\n",
       "</style>\n",
       "<table border=\"1\" class=\"dataframe\">\n",
       "  <thead>\n",
       "    <tr style=\"text-align: right;\">\n",
       "      <th></th>\n",
       "      <th>1</th>\n",
       "      <th>2</th>\n",
       "      <th>3</th>\n",
       "      <th>total</th>\n",
       "    </tr>\n",
       "  </thead>\n",
       "  <tbody>\n",
       "    <tr>\n",
       "      <th>dolastatin-10</th>\n",
       "      <td>30</td>\n",
       "      <td>5</td>\n",
       "      <td>0</td>\n",
       "      <td>35</td>\n",
       "    </tr>\n",
       "    <tr>\n",
       "      <th>romidepsin</th>\n",
       "      <td>9</td>\n",
       "      <td>20</td>\n",
       "      <td>3</td>\n",
       "      <td>32</td>\n",
       "    </tr>\n",
       "    <tr>\n",
       "      <th>maytansinol-isobutyrate</th>\n",
       "      <td>6</td>\n",
       "      <td>0</td>\n",
       "      <td>0</td>\n",
       "      <td>6</td>\n",
       "    </tr>\n",
       "    <tr>\n",
       "      <th>10-hydroxycamptothecin</th>\n",
       "      <td>3</td>\n",
       "      <td>15</td>\n",
       "      <td>18</td>\n",
       "      <td>36</td>\n",
       "    </tr>\n",
       "    <tr>\n",
       "      <th>YM-155</th>\n",
       "      <td>2</td>\n",
       "      <td>1</td>\n",
       "      <td>7</td>\n",
       "      <td>10</td>\n",
       "    </tr>\n",
       "    <tr>\n",
       "      <th>epothilone-b</th>\n",
       "      <td>1</td>\n",
       "      <td>5</td>\n",
       "      <td>11</td>\n",
       "      <td>17</td>\n",
       "    </tr>\n",
       "    <tr>\n",
       "      <th>sangivamycin</th>\n",
       "      <td>1</td>\n",
       "      <td>0</td>\n",
       "      <td>0</td>\n",
       "      <td>1</td>\n",
       "    </tr>\n",
       "    <tr>\n",
       "      <th>triptolide</th>\n",
       "      <td>0</td>\n",
       "      <td>2</td>\n",
       "      <td>4</td>\n",
       "      <td>6</td>\n",
       "    </tr>\n",
       "    <tr>\n",
       "      <th>echinomycin</th>\n",
       "      <td>0</td>\n",
       "      <td>2</td>\n",
       "      <td>2</td>\n",
       "      <td>4</td>\n",
       "    </tr>\n",
       "    <tr>\n",
       "      <th>genz-644282</th>\n",
       "      <td>0</td>\n",
       "      <td>1</td>\n",
       "      <td>2</td>\n",
       "      <td>3</td>\n",
       "    </tr>\n",
       "    <tr>\n",
       "      <th>nemorubicin</th>\n",
       "      <td>0</td>\n",
       "      <td>1</td>\n",
       "      <td>0</td>\n",
       "      <td>1</td>\n",
       "    </tr>\n",
       "    <tr>\n",
       "      <th>alvespimycin</th>\n",
       "      <td>0</td>\n",
       "      <td>0</td>\n",
       "      <td>2</td>\n",
       "      <td>2</td>\n",
       "    </tr>\n",
       "    <tr>\n",
       "      <th>BGT226</th>\n",
       "      <td>0</td>\n",
       "      <td>0</td>\n",
       "      <td>2</td>\n",
       "      <td>2</td>\n",
       "    </tr>\n",
       "    <tr>\n",
       "      <th>gemcitabine</th>\n",
       "      <td>0</td>\n",
       "      <td>0</td>\n",
       "      <td>1</td>\n",
       "      <td>1</td>\n",
       "    </tr>\n",
       "  </tbody>\n",
       "</table>\n",
       "</div>"
      ],
      "text/plain": [
       "                          1   2   3  total\n",
       "dolastatin-10            30   5   0     35\n",
       "romidepsin                9  20   3     32\n",
       "maytansinol-isobutyrate   6   0   0      6\n",
       "10-hydroxycamptothecin    3  15  18     36\n",
       "YM-155                    2   1   7     10\n",
       "epothilone-b              1   5  11     17\n",
       "sangivamycin              1   0   0      1\n",
       "triptolide                0   2   4      6\n",
       "echinomycin               0   2   2      4\n",
       "genz-644282               0   1   2      3\n",
       "nemorubicin               0   1   0      1\n",
       "alvespimycin              0   0   2      2\n",
       "BGT226                    0   0   2      2\n",
       "gemcitabine               0   0   1      1"
      ]
     },
     "execution_count": 8,
     "metadata": {},
     "output_type": "execute_result"
    }
   ],
   "source": [
    "testPreds, testWrong, testCounts = modelEval.iterateModels(datasets[0], modelName=bestModel)\n",
    "testCounts"
   ]
  },
  {
   "cell_type": "code",
   "execution_count": 9,
   "id": "cbe71154",
   "metadata": {},
   "outputs": [
    {
     "name": "stdout",
     "output_type": "stream",
     "text": [
      "Avg varaince of predictions for each drug: 0.0\n"
     ]
    }
   ],
   "source": [
    "testDist = getPredDist(testPreds)"
   ]
  },
  {
   "cell_type": "code",
   "execution_count": 56,
   "id": "aa50121c",
   "metadata": {},
   "outputs": [
    {
     "data": {
      "text/html": [
       "<div>\n",
       "<style scoped>\n",
       "    .dataframe tbody tr th:only-of-type {\n",
       "        vertical-align: middle;\n",
       "    }\n",
       "\n",
       "    .dataframe tbody tr th {\n",
       "        vertical-align: top;\n",
       "    }\n",
       "\n",
       "    .dataframe thead th {\n",
       "        text-align: right;\n",
       "    }\n",
       "</style>\n",
       "<table border=\"1\" class=\"dataframe\">\n",
       "  <thead>\n",
       "    <tr style=\"text-align: right;\">\n",
       "      <th></th>\n",
       "      <th>p1</th>\n",
       "      <th>p2</th>\n",
       "      <th>p3</th>\n",
       "      <th>p4</th>\n",
       "      <th>p5</th>\n",
       "    </tr>\n",
       "  </thead>\n",
       "  <tbody>\n",
       "    <tr>\n",
       "      <th>Bladder Cancer</th>\n",
       "      <td>1.00</td>\n",
       "      <td>1.000000</td>\n",
       "      <td>1.000000</td>\n",
       "      <td>1.000000</td>\n",
       "      <td>1.000000</td>\n",
       "    </tr>\n",
       "    <tr>\n",
       "      <th>Liver Cancer</th>\n",
       "      <td>1.00</td>\n",
       "      <td>1.000000</td>\n",
       "      <td>1.000000</td>\n",
       "      <td>1.000000</td>\n",
       "      <td>1.000000</td>\n",
       "    </tr>\n",
       "    <tr>\n",
       "      <th>Colon/Colorectal Cancer</th>\n",
       "      <td>1.00</td>\n",
       "      <td>1.000000</td>\n",
       "      <td>1.000000</td>\n",
       "      <td>1.000000</td>\n",
       "      <td>0.950000</td>\n",
       "    </tr>\n",
       "    <tr>\n",
       "      <th>Head and Neck Cancer</th>\n",
       "      <td>1.00</td>\n",
       "      <td>1.000000</td>\n",
       "      <td>1.000000</td>\n",
       "      <td>0.916667</td>\n",
       "      <td>0.800000</td>\n",
       "    </tr>\n",
       "    <tr>\n",
       "      <th>Endometrial/Uterine Cancer</th>\n",
       "      <td>1.00</td>\n",
       "      <td>1.000000</td>\n",
       "      <td>0.888889</td>\n",
       "      <td>0.916667</td>\n",
       "      <td>0.866667</td>\n",
       "    </tr>\n",
       "    <tr>\n",
       "      <th>Lung Cancer</th>\n",
       "      <td>1.00</td>\n",
       "      <td>0.923077</td>\n",
       "      <td>0.897436</td>\n",
       "      <td>0.884615</td>\n",
       "      <td>0.846154</td>\n",
       "    </tr>\n",
       "    <tr>\n",
       "      <th>Skin Cancer</th>\n",
       "      <td>1.00</td>\n",
       "      <td>0.900000</td>\n",
       "      <td>0.933333</td>\n",
       "      <td>0.850000</td>\n",
       "      <td>0.760000</td>\n",
       "    </tr>\n",
       "    <tr>\n",
       "      <th>Brain Cancer</th>\n",
       "      <td>1.00</td>\n",
       "      <td>0.875000</td>\n",
       "      <td>0.833333</td>\n",
       "      <td>0.812500</td>\n",
       "      <td>0.750000</td>\n",
       "    </tr>\n",
       "    <tr>\n",
       "      <th>Esophageal Cancer</th>\n",
       "      <td>1.00</td>\n",
       "      <td>0.833333</td>\n",
       "      <td>0.888889</td>\n",
       "      <td>0.833333</td>\n",
       "      <td>0.800000</td>\n",
       "    </tr>\n",
       "    <tr>\n",
       "      <th>Breast Cancer</th>\n",
       "      <td>1.00</td>\n",
       "      <td>0.833333</td>\n",
       "      <td>0.777778</td>\n",
       "      <td>0.750000</td>\n",
       "      <td>0.800000</td>\n",
       "    </tr>\n",
       "    <tr>\n",
       "      <th>Ovarian Cancer</th>\n",
       "      <td>1.00</td>\n",
       "      <td>0.750000</td>\n",
       "      <td>0.833333</td>\n",
       "      <td>0.875000</td>\n",
       "      <td>0.900000</td>\n",
       "    </tr>\n",
       "    <tr>\n",
       "      <th>Pancreatic Cancer</th>\n",
       "      <td>0.75</td>\n",
       "      <td>0.750000</td>\n",
       "      <td>0.833333</td>\n",
       "      <td>0.750000</td>\n",
       "      <td>0.750000</td>\n",
       "    </tr>\n",
       "  </tbody>\n",
       "</table>\n",
       "</div>"
      ],
      "text/plain": [
       "                              p1        p2        p3        p4        p5\n",
       "Bladder Cancer              1.00  1.000000  1.000000  1.000000  1.000000\n",
       "Liver Cancer                1.00  1.000000  1.000000  1.000000  1.000000\n",
       "Colon/Colorectal Cancer     1.00  1.000000  1.000000  1.000000  0.950000\n",
       "Head and Neck Cancer        1.00  1.000000  1.000000  0.916667  0.800000\n",
       "Endometrial/Uterine Cancer  1.00  1.000000  0.888889  0.916667  0.866667\n",
       "Lung Cancer                 1.00  0.923077  0.897436  0.884615  0.846154\n",
       "Skin Cancer                 1.00  0.900000  0.933333  0.850000  0.760000\n",
       "Brain Cancer                1.00  0.875000  0.833333  0.812500  0.750000\n",
       "Esophageal Cancer           1.00  0.833333  0.888889  0.833333  0.800000\n",
       "Breast Cancer               1.00  0.833333  0.777778  0.750000  0.800000\n",
       "Ovarian Cancer              1.00  0.750000  0.833333  0.875000  0.900000\n",
       "Pancreatic Cancer           0.75  0.750000  0.833333  0.750000  0.750000"
      ]
     },
     "execution_count": 56,
     "metadata": {},
     "output_type": "execute_result"
    }
   ],
   "source": [
    "testCancer = modelEval.iterateModels(datasets[0], modelName=bestModel, by='cancer')\n",
    "testCancer"
   ]
  },
  {
   "cell_type": "code",
   "execution_count": 57,
   "id": "519593c9",
   "metadata": {},
   "outputs": [
    {
     "data": {
      "text/html": [
       "<div>\n",
       "<style scoped>\n",
       "    .dataframe tbody tr th:only-of-type {\n",
       "        vertical-align: middle;\n",
       "    }\n",
       "\n",
       "    .dataframe tbody tr th {\n",
       "        vertical-align: top;\n",
       "    }\n",
       "\n",
       "    .dataframe thead th {\n",
       "        text-align: right;\n",
       "    }\n",
       "</style>\n",
       "<table border=\"1\" class=\"dataframe\">\n",
       "  <thead>\n",
       "    <tr style=\"text-align: right;\">\n",
       "      <th></th>\n",
       "      <th>p1</th>\n",
       "      <th>p2</th>\n",
       "      <th>p3</th>\n",
       "      <th>p4</th>\n",
       "      <th>p5</th>\n",
       "    </tr>\n",
       "  </thead>\n",
       "  <tbody>\n",
       "    <tr>\n",
       "      <th>Bladder Cancer</th>\n",
       "      <td>1.00</td>\n",
       "      <td>1.000000</td>\n",
       "      <td>1.000000</td>\n",
       "      <td>1.000000</td>\n",
       "      <td>1.000000</td>\n",
       "    </tr>\n",
       "    <tr>\n",
       "      <th>Brain Cancer</th>\n",
       "      <td>1.00</td>\n",
       "      <td>0.875000</td>\n",
       "      <td>0.833333</td>\n",
       "      <td>0.812500</td>\n",
       "      <td>0.750000</td>\n",
       "    </tr>\n",
       "    <tr>\n",
       "      <th>Breast Cancer</th>\n",
       "      <td>1.00</td>\n",
       "      <td>0.833333</td>\n",
       "      <td>0.777778</td>\n",
       "      <td>0.750000</td>\n",
       "      <td>0.800000</td>\n",
       "    </tr>\n",
       "    <tr>\n",
       "      <th>Colon/Colorectal Cancer</th>\n",
       "      <td>1.00</td>\n",
       "      <td>1.000000</td>\n",
       "      <td>1.000000</td>\n",
       "      <td>1.000000</td>\n",
       "      <td>0.950000</td>\n",
       "    </tr>\n",
       "    <tr>\n",
       "      <th>Endometrial/Uterine Cancer</th>\n",
       "      <td>1.00</td>\n",
       "      <td>1.000000</td>\n",
       "      <td>0.888889</td>\n",
       "      <td>0.916667</td>\n",
       "      <td>0.866667</td>\n",
       "    </tr>\n",
       "    <tr>\n",
       "      <th>Esophageal Cancer</th>\n",
       "      <td>1.00</td>\n",
       "      <td>0.833333</td>\n",
       "      <td>0.888889</td>\n",
       "      <td>0.833333</td>\n",
       "      <td>0.800000</td>\n",
       "    </tr>\n",
       "    <tr>\n",
       "      <th>Head and Neck Cancer</th>\n",
       "      <td>1.00</td>\n",
       "      <td>1.000000</td>\n",
       "      <td>1.000000</td>\n",
       "      <td>0.916667</td>\n",
       "      <td>0.800000</td>\n",
       "    </tr>\n",
       "    <tr>\n",
       "      <th>Liver Cancer</th>\n",
       "      <td>1.00</td>\n",
       "      <td>1.000000</td>\n",
       "      <td>1.000000</td>\n",
       "      <td>1.000000</td>\n",
       "      <td>1.000000</td>\n",
       "    </tr>\n",
       "    <tr>\n",
       "      <th>Lung Cancer</th>\n",
       "      <td>1.00</td>\n",
       "      <td>0.923077</td>\n",
       "      <td>0.897436</td>\n",
       "      <td>0.884615</td>\n",
       "      <td>0.846154</td>\n",
       "    </tr>\n",
       "    <tr>\n",
       "      <th>Ovarian Cancer</th>\n",
       "      <td>1.00</td>\n",
       "      <td>0.750000</td>\n",
       "      <td>0.833333</td>\n",
       "      <td>0.875000</td>\n",
       "      <td>0.900000</td>\n",
       "    </tr>\n",
       "    <tr>\n",
       "      <th>Pancreatic Cancer</th>\n",
       "      <td>0.75</td>\n",
       "      <td>0.750000</td>\n",
       "      <td>0.833333</td>\n",
       "      <td>0.750000</td>\n",
       "      <td>0.750000</td>\n",
       "    </tr>\n",
       "    <tr>\n",
       "      <th>Skin Cancer</th>\n",
       "      <td>1.00</td>\n",
       "      <td>0.900000</td>\n",
       "      <td>0.933333</td>\n",
       "      <td>0.850000</td>\n",
       "      <td>0.760000</td>\n",
       "    </tr>\n",
       "  </tbody>\n",
       "</table>\n",
       "</div>"
      ],
      "text/plain": [
       "                              p1        p2        p3        p4        p5\n",
       "Bladder Cancer              1.00  1.000000  1.000000  1.000000  1.000000\n",
       "Brain Cancer                1.00  0.875000  0.833333  0.812500  0.750000\n",
       "Breast Cancer               1.00  0.833333  0.777778  0.750000  0.800000\n",
       "Colon/Colorectal Cancer     1.00  1.000000  1.000000  1.000000  0.950000\n",
       "Endometrial/Uterine Cancer  1.00  1.000000  0.888889  0.916667  0.866667\n",
       "Esophageal Cancer           1.00  0.833333  0.888889  0.833333  0.800000\n",
       "Head and Neck Cancer        1.00  1.000000  1.000000  0.916667  0.800000\n",
       "Liver Cancer                1.00  1.000000  1.000000  1.000000  1.000000\n",
       "Lung Cancer                 1.00  0.923077  0.897436  0.884615  0.846154\n",
       "Ovarian Cancer              1.00  0.750000  0.833333  0.875000  0.900000\n",
       "Pancreatic Cancer           0.75  0.750000  0.833333  0.750000  0.750000\n",
       "Skin Cancer                 1.00  0.900000  0.933333  0.850000  0.760000"
      ]
     },
     "execution_count": 57,
     "metadata": {},
     "output_type": "execute_result"
    }
   ],
   "source": [
    "testCancer.sort_index()"
   ]
  },
  {
   "cell_type": "code",
   "execution_count": 58,
   "id": "1ebb6eb0",
   "metadata": {},
   "outputs": [
    {
     "data": {
      "text/plain": [
       "p1    0.9792\n",
       "p2    0.9054\n",
       "p3    0.9072\n",
       "p4    0.8824\n",
       "p5    0.8519\n",
       "dtype: float64"
      ]
     },
     "execution_count": 58,
     "metadata": {},
     "output_type": "execute_result"
    }
   ],
   "source": [
    "round(testCancer.mean(), 4)"
   ]
  },
  {
   "cell_type": "markdown",
   "id": "457e6e69",
   "metadata": {},
   "source": [
    "## Evaluate best model on newcancer set"
   ]
  },
  {
   "cell_type": "code",
   "execution_count": 10,
   "id": "e0fcdfa8",
   "metadata": {},
   "outputs": [
    {
     "name": "stdout",
     "output_type": "stream",
     "text": [
      "Average Cell Line precision @ k\n",
      "Model: Fused-FewShotCDRRawDrugEmbedCell_NL64_32_DO0-1_AFrelu_LR0-01_DR0-99_DS50\n",
      "\tPrecision@1: 0.9846\n",
      "\tPrecision@2: 0.9308\n",
      "\tPrecision@3: 0.9026\n",
      "\tPrecision@4: 0.8731\n",
      "\tPrecision@5: 0.8677\n",
      "\tPrecision@10: 0.8373\n",
      "\n",
      "Top ranked drug for each cell line:\n",
      "No true effective drugs identified in top 3 for ACH-000268 (top drug: sangivamycin)\n",
      "\n",
      "# cell lines without highly effective drug among top-3 predictions: 1\n",
      "\n",
      "# of unique drugs among top-3 predictions: 14\n"
     ]
    },
    {
     "data": {
      "text/html": [
       "<div>\n",
       "<style scoped>\n",
       "    .dataframe tbody tr th:only-of-type {\n",
       "        vertical-align: middle;\n",
       "    }\n",
       "\n",
       "    .dataframe tbody tr th {\n",
       "        vertical-align: top;\n",
       "    }\n",
       "\n",
       "    .dataframe thead th {\n",
       "        text-align: right;\n",
       "    }\n",
       "</style>\n",
       "<table border=\"1\" class=\"dataframe\">\n",
       "  <thead>\n",
       "    <tr style=\"text-align: right;\">\n",
       "      <th></th>\n",
       "      <th>1</th>\n",
       "      <th>2</th>\n",
       "      <th>3</th>\n",
       "      <th>total</th>\n",
       "    </tr>\n",
       "  </thead>\n",
       "  <tbody>\n",
       "    <tr>\n",
       "      <th>dolastatin-10</th>\n",
       "      <td>32</td>\n",
       "      <td>13</td>\n",
       "      <td>1</td>\n",
       "      <td>46</td>\n",
       "    </tr>\n",
       "    <tr>\n",
       "      <th>maytansinol-isobutyrate</th>\n",
       "      <td>14</td>\n",
       "      <td>0</td>\n",
       "      <td>0</td>\n",
       "      <td>14</td>\n",
       "    </tr>\n",
       "    <tr>\n",
       "      <th>romidepsin</th>\n",
       "      <td>10</td>\n",
       "      <td>28</td>\n",
       "      <td>7</td>\n",
       "      <td>45</td>\n",
       "    </tr>\n",
       "    <tr>\n",
       "      <th>10-hydroxycamptothecin</th>\n",
       "      <td>8</td>\n",
       "      <td>11</td>\n",
       "      <td>22</td>\n",
       "      <td>41</td>\n",
       "    </tr>\n",
       "    <tr>\n",
       "      <th>YM-155</th>\n",
       "      <td>1</td>\n",
       "      <td>2</td>\n",
       "      <td>5</td>\n",
       "      <td>8</td>\n",
       "    </tr>\n",
       "    <tr>\n",
       "      <th>triptolide</th>\n",
       "      <td>1</td>\n",
       "      <td>2</td>\n",
       "      <td>5</td>\n",
       "      <td>8</td>\n",
       "    </tr>\n",
       "    <tr>\n",
       "      <th>sangivamycin</th>\n",
       "      <td>1</td>\n",
       "      <td>0</td>\n",
       "      <td>0</td>\n",
       "      <td>1</td>\n",
       "    </tr>\n",
       "    <tr>\n",
       "      <th>epothilone-b</th>\n",
       "      <td>0</td>\n",
       "      <td>5</td>\n",
       "      <td>11</td>\n",
       "      <td>16</td>\n",
       "    </tr>\n",
       "    <tr>\n",
       "      <th>echinomycin</th>\n",
       "      <td>0</td>\n",
       "      <td>4</td>\n",
       "      <td>9</td>\n",
       "      <td>13</td>\n",
       "    </tr>\n",
       "    <tr>\n",
       "      <th>alvespimycin</th>\n",
       "      <td>0</td>\n",
       "      <td>1</td>\n",
       "      <td>2</td>\n",
       "      <td>3</td>\n",
       "    </tr>\n",
       "    <tr>\n",
       "      <th>BGT226</th>\n",
       "      <td>0</td>\n",
       "      <td>1</td>\n",
       "      <td>0</td>\n",
       "      <td>1</td>\n",
       "    </tr>\n",
       "    <tr>\n",
       "      <th>genz-644282</th>\n",
       "      <td>0</td>\n",
       "      <td>0</td>\n",
       "      <td>3</td>\n",
       "      <td>3</td>\n",
       "    </tr>\n",
       "    <tr>\n",
       "      <th>gemcitabine</th>\n",
       "      <td>0</td>\n",
       "      <td>0</td>\n",
       "      <td>1</td>\n",
       "      <td>1</td>\n",
       "    </tr>\n",
       "    <tr>\n",
       "      <th>verubulin</th>\n",
       "      <td>0</td>\n",
       "      <td>0</td>\n",
       "      <td>1</td>\n",
       "      <td>1</td>\n",
       "    </tr>\n",
       "  </tbody>\n",
       "</table>\n",
       "</div>"
      ],
      "text/plain": [
       "                          1   2   3  total\n",
       "dolastatin-10            32  13   1     46\n",
       "maytansinol-isobutyrate  14   0   0     14\n",
       "romidepsin               10  28   7     45\n",
       "10-hydroxycamptothecin    8  11  22     41\n",
       "YM-155                    1   2   5      8\n",
       "triptolide                1   2   5      8\n",
       "sangivamycin              1   0   0      1\n",
       "epothilone-b              0   5  11     16\n",
       "echinomycin               0   4   9     13\n",
       "alvespimycin              0   1   2      3\n",
       "BGT226                    0   1   0      1\n",
       "genz-644282               0   0   3      3\n",
       "gemcitabine               0   0   1      1\n",
       "verubulin                 0   0   1      1"
      ]
     },
     "execution_count": 10,
     "metadata": {},
     "output_type": "execute_result"
    }
   ],
   "source": [
    "newPreds, newWrong, newCounts = modelEval.iterateModels(datasets[1], modelName=bestModel)\n",
    "newCounts"
   ]
  },
  {
   "cell_type": "code",
   "execution_count": 11,
   "id": "49dd1348",
   "metadata": {},
   "outputs": [
    {
     "name": "stdout",
     "output_type": "stream",
     "text": [
      "Avg varaince of predictions for each drug: 0.0001\n"
     ]
    }
   ],
   "source": [
    "newDist = getPredDist(newPreds)"
   ]
  },
  {
   "cell_type": "code",
   "execution_count": 63,
   "id": "89022eee",
   "metadata": {},
   "outputs": [
    {
     "data": {
      "text/html": [
       "<div>\n",
       "<style scoped>\n",
       "    .dataframe tbody tr th:only-of-type {\n",
       "        vertical-align: middle;\n",
       "    }\n",
       "\n",
       "    .dataframe tbody tr th {\n",
       "        vertical-align: top;\n",
       "    }\n",
       "\n",
       "    .dataframe thead th {\n",
       "        text-align: right;\n",
       "    }\n",
       "</style>\n",
       "<table border=\"1\" class=\"dataframe\">\n",
       "  <thead>\n",
       "    <tr style=\"text-align: right;\">\n",
       "      <th></th>\n",
       "      <th>p1</th>\n",
       "      <th>p2</th>\n",
       "      <th>p3</th>\n",
       "      <th>p4</th>\n",
       "      <th>p5</th>\n",
       "    </tr>\n",
       "  </thead>\n",
       "  <tbody>\n",
       "    <tr>\n",
       "      <th>Sarcoma</th>\n",
       "      <td>1.000000</td>\n",
       "      <td>1.000000</td>\n",
       "      <td>1.000000</td>\n",
       "      <td>0.958333</td>\n",
       "      <td>0.933333</td>\n",
       "    </tr>\n",
       "    <tr>\n",
       "      <th>Neuroblastoma</th>\n",
       "      <td>1.000000</td>\n",
       "      <td>1.000000</td>\n",
       "      <td>1.000000</td>\n",
       "      <td>0.916667</td>\n",
       "      <td>0.866667</td>\n",
       "    </tr>\n",
       "    <tr>\n",
       "      <th>Prostate Cancer</th>\n",
       "      <td>1.000000</td>\n",
       "      <td>1.000000</td>\n",
       "      <td>1.000000</td>\n",
       "      <td>0.875000</td>\n",
       "      <td>0.800000</td>\n",
       "    </tr>\n",
       "    <tr>\n",
       "      <th>Gallbladder Cancer</th>\n",
       "      <td>1.000000</td>\n",
       "      <td>1.000000</td>\n",
       "      <td>1.000000</td>\n",
       "      <td>0.750000</td>\n",
       "      <td>0.800000</td>\n",
       "    </tr>\n",
       "    <tr>\n",
       "      <th>Gastric Cancer</th>\n",
       "      <td>1.000000</td>\n",
       "      <td>1.000000</td>\n",
       "      <td>0.952381</td>\n",
       "      <td>0.928571</td>\n",
       "      <td>0.914286</td>\n",
       "    </tr>\n",
       "    <tr>\n",
       "      <th>Rhabdoid</th>\n",
       "      <td>1.000000</td>\n",
       "      <td>1.000000</td>\n",
       "      <td>0.916667</td>\n",
       "      <td>0.937500</td>\n",
       "      <td>0.850000</td>\n",
       "    </tr>\n",
       "    <tr>\n",
       "      <th>Thyroid Cancer</th>\n",
       "      <td>1.000000</td>\n",
       "      <td>1.000000</td>\n",
       "      <td>0.916667</td>\n",
       "      <td>0.906250</td>\n",
       "      <td>0.925000</td>\n",
       "    </tr>\n",
       "    <tr>\n",
       "      <th>Bile Duct Cancer</th>\n",
       "      <td>1.000000</td>\n",
       "      <td>0.900000</td>\n",
       "      <td>0.933333</td>\n",
       "      <td>0.900000</td>\n",
       "      <td>0.880000</td>\n",
       "    </tr>\n",
       "    <tr>\n",
       "      <th>Bone Cancer</th>\n",
       "      <td>1.000000</td>\n",
       "      <td>0.833333</td>\n",
       "      <td>0.888889</td>\n",
       "      <td>0.888889</td>\n",
       "      <td>0.911111</td>\n",
       "    </tr>\n",
       "    <tr>\n",
       "      <th>Kidney Cancer</th>\n",
       "      <td>0.923077</td>\n",
       "      <td>0.807692</td>\n",
       "      <td>0.743590</td>\n",
       "      <td>0.711538</td>\n",
       "      <td>0.738462</td>\n",
       "    </tr>\n",
       "  </tbody>\n",
       "</table>\n",
       "</div>"
      ],
      "text/plain": [
       "                          p1        p2        p3        p4        p5\n",
       "Sarcoma             1.000000  1.000000  1.000000  0.958333  0.933333\n",
       "Neuroblastoma       1.000000  1.000000  1.000000  0.916667  0.866667\n",
       "Prostate Cancer     1.000000  1.000000  1.000000  0.875000  0.800000\n",
       "Gallbladder Cancer  1.000000  1.000000  1.000000  0.750000  0.800000\n",
       "Gastric Cancer      1.000000  1.000000  0.952381  0.928571  0.914286\n",
       "Rhabdoid            1.000000  1.000000  0.916667  0.937500  0.850000\n",
       "Thyroid Cancer      1.000000  1.000000  0.916667  0.906250  0.925000\n",
       "Bile Duct Cancer    1.000000  0.900000  0.933333  0.900000  0.880000\n",
       "Bone Cancer         1.000000  0.833333  0.888889  0.888889  0.911111\n",
       "Kidney Cancer       0.923077  0.807692  0.743590  0.711538  0.738462"
      ]
     },
     "execution_count": 63,
     "metadata": {},
     "output_type": "execute_result"
    }
   ],
   "source": [
    "newCancer = modelEval.iterateModels(datasets[1], modelName=bestModel, by='Cancer').sort_values(by=['p1','p2', 'p3', 'p4', 'p5'], ascending=False)\n",
    "newCancer"
   ]
  },
  {
   "cell_type": "code",
   "execution_count": 64,
   "id": "769a8d0a",
   "metadata": {},
   "outputs": [
    {
     "data": {
      "text/html": [
       "<div>\n",
       "<style scoped>\n",
       "    .dataframe tbody tr th:only-of-type {\n",
       "        vertical-align: middle;\n",
       "    }\n",
       "\n",
       "    .dataframe tbody tr th {\n",
       "        vertical-align: top;\n",
       "    }\n",
       "\n",
       "    .dataframe thead th {\n",
       "        text-align: right;\n",
       "    }\n",
       "</style>\n",
       "<table border=\"1\" class=\"dataframe\">\n",
       "  <thead>\n",
       "    <tr style=\"text-align: right;\">\n",
       "      <th></th>\n",
       "      <th>p1</th>\n",
       "      <th>p2</th>\n",
       "      <th>p3</th>\n",
       "      <th>p4</th>\n",
       "      <th>p5</th>\n",
       "    </tr>\n",
       "  </thead>\n",
       "  <tbody>\n",
       "    <tr>\n",
       "      <th>Bile Duct Cancer</th>\n",
       "      <td>1.000000</td>\n",
       "      <td>0.900000</td>\n",
       "      <td>0.933333</td>\n",
       "      <td>0.900000</td>\n",
       "      <td>0.880000</td>\n",
       "    </tr>\n",
       "    <tr>\n",
       "      <th>Bone Cancer</th>\n",
       "      <td>1.000000</td>\n",
       "      <td>0.833333</td>\n",
       "      <td>0.888889</td>\n",
       "      <td>0.888889</td>\n",
       "      <td>0.911111</td>\n",
       "    </tr>\n",
       "    <tr>\n",
       "      <th>Gallbladder Cancer</th>\n",
       "      <td>1.000000</td>\n",
       "      <td>1.000000</td>\n",
       "      <td>1.000000</td>\n",
       "      <td>0.750000</td>\n",
       "      <td>0.800000</td>\n",
       "    </tr>\n",
       "    <tr>\n",
       "      <th>Gastric Cancer</th>\n",
       "      <td>1.000000</td>\n",
       "      <td>1.000000</td>\n",
       "      <td>0.952381</td>\n",
       "      <td>0.928571</td>\n",
       "      <td>0.914286</td>\n",
       "    </tr>\n",
       "    <tr>\n",
       "      <th>Kidney Cancer</th>\n",
       "      <td>0.923077</td>\n",
       "      <td>0.807692</td>\n",
       "      <td>0.743590</td>\n",
       "      <td>0.711538</td>\n",
       "      <td>0.738462</td>\n",
       "    </tr>\n",
       "    <tr>\n",
       "      <th>Neuroblastoma</th>\n",
       "      <td>1.000000</td>\n",
       "      <td>1.000000</td>\n",
       "      <td>1.000000</td>\n",
       "      <td>0.916667</td>\n",
       "      <td>0.866667</td>\n",
       "    </tr>\n",
       "    <tr>\n",
       "      <th>Prostate Cancer</th>\n",
       "      <td>1.000000</td>\n",
       "      <td>1.000000</td>\n",
       "      <td>1.000000</td>\n",
       "      <td>0.875000</td>\n",
       "      <td>0.800000</td>\n",
       "    </tr>\n",
       "    <tr>\n",
       "      <th>Rhabdoid</th>\n",
       "      <td>1.000000</td>\n",
       "      <td>1.000000</td>\n",
       "      <td>0.916667</td>\n",
       "      <td>0.937500</td>\n",
       "      <td>0.850000</td>\n",
       "    </tr>\n",
       "    <tr>\n",
       "      <th>Sarcoma</th>\n",
       "      <td>1.000000</td>\n",
       "      <td>1.000000</td>\n",
       "      <td>1.000000</td>\n",
       "      <td>0.958333</td>\n",
       "      <td>0.933333</td>\n",
       "    </tr>\n",
       "    <tr>\n",
       "      <th>Thyroid Cancer</th>\n",
       "      <td>1.000000</td>\n",
       "      <td>1.000000</td>\n",
       "      <td>0.916667</td>\n",
       "      <td>0.906250</td>\n",
       "      <td>0.925000</td>\n",
       "    </tr>\n",
       "  </tbody>\n",
       "</table>\n",
       "</div>"
      ],
      "text/plain": [
       "                          p1        p2        p3        p4        p5\n",
       "Bile Duct Cancer    1.000000  0.900000  0.933333  0.900000  0.880000\n",
       "Bone Cancer         1.000000  0.833333  0.888889  0.888889  0.911111\n",
       "Gallbladder Cancer  1.000000  1.000000  1.000000  0.750000  0.800000\n",
       "Gastric Cancer      1.000000  1.000000  0.952381  0.928571  0.914286\n",
       "Kidney Cancer       0.923077  0.807692  0.743590  0.711538  0.738462\n",
       "Neuroblastoma       1.000000  1.000000  1.000000  0.916667  0.866667\n",
       "Prostate Cancer     1.000000  1.000000  1.000000  0.875000  0.800000\n",
       "Rhabdoid            1.000000  1.000000  0.916667  0.937500  0.850000\n",
       "Sarcoma             1.000000  1.000000  1.000000  0.958333  0.933333\n",
       "Thyroid Cancer      1.000000  1.000000  0.916667  0.906250  0.925000"
      ]
     },
     "execution_count": 64,
     "metadata": {},
